username,from,campaigndate,sent_count,delivered_count,submitted_count,failed_count,total base,wabacount,nonwabacount
VyaparAppWapp,918447702899,2024-11-01,10472,255805,8,15250,281535,269916,11619
MahindraTractorsWapp,917738038456,2024-11-01,4,1574,0,310,1888,1851,37
VyaparAppWapp,918447702899,2024-11-02,12655,301806,0,16544,331005,317788,13217
CarzonrentWapp,918882222222,2024-11-01,2,435,0,316,753,440,313
InnuvissWapp,919988949873,2024-11-03,0,1,0,0,1,1,0
V2RetailWapp,918130907705,2024-11-03,1,97,0,1,99,98,1
VyaparAppWapp,918447702899,2024-11-03,10612,243204,0,13778,267594,256635,10959
Soundscap_WSOFT,919606018595,2024-11-03,1,64,0,24,89,83,6
FatakPayWapp1,919820476476,2024-11-04,2,84,0,929,1015,1012,3
SoundscapeWapp,917795967414,2024-11-05,0,114,0,42,156,143,13
WorldofTitanWapp,918147747357,2024-11-05,55,2511,0,828,3394,3117,277
AnushInfobaseWapp,918050555432,2024-11-06,8,74,0,42,124,124,0
ICSMobileEmbedWABA1,918296016807,2024-11-07,0,14,0,2,16,15,1
SoundscapeWapp,917795967414,2024-11-08,2,95,0,44,141,132,9
MediScanWapp,919148229992,2024-11-08,3,247,0,103,353,329,24
supportdemo,918147745516,2024-11-08,0,2,0,0,2,2,0
AryansgroupWapp,919646699888,2024-11-08,0,2,0,0,2,2,0
TheTerraceSkyWapp,919311226749,2024-11-08,0,8,0,9,17,17,0
RafterWapp,919606790640,2024-11-09,261,1727,0,3232,5220,4850,370
RagavsresearchWapp,919538821110,2024-11-09,4,569,0,34,607,582,25
Imagine_WSOFT,917795967412,2024-11-12,0,0,0,387,387,387,0
CarzonrentWapp,918882222222,2024-11-12,31,3079,1,922,4033,3697,336
Helios-Wapp,918147747801,2024-11-14,51,1985,0,1268,3304,2999,305
JackandJonesJuniorWapp,918655628705,2024-11-14,0,16,0,32,48,48,0
FatakPayWapp1,918828855360,2024-11-14,11972,66163,0,14757,92892,79007,13885
AnushInfobaseWapp,918050555432,2024-11-15,0,6,0,7,13,13,0
SNNRajCorp5813Wapp,918657876584,2024-11-15,0,0,0,9,9,9,0
TitanEncircle,918147745515,2024-11-15,0,14,0,66,80,80,0
SMSCLOUDWapp,919958881928,2024-11-15,0,5,0,6,11,11,0
EncircleWapp_Tech,918147745515,2024-11-15,0,8,0,1,9,8,1
AltiusHospWapp,919611576955,2024-11-01,1102,9939,0,3467,14508,13874,634
MediScanWapp,919148229992,2024-11-01,2,184,0,25,211,193,18
WorldofTitanWapp,918147747357,2024-11-06,13,923,0,424,1360,1229,131
Imagine_WSOFT,917795967412,2024-11-08,0,0,0,479,479,479,0
ProcucevWapp,919606848835,2024-11-08,54,751,0,194,999,896,103
JackandJonesJuniorWapp,918655628703,2024-11-08,0,16,0,64,80,80,0
WorldofTitanWapp,918147747357,2024-11-08,24,1117,1,436,1578,1426,152
Imagine_WSOFT,917795967412,2024-11-09,0,0,0,707,707,707,0
AnushInfobaseWapp,918050555432,2024-11-09,0,19,0,9,28,28,0
MediScanWapp,919148229992,2024-11-09,5,313,0,142,460,416,44
TitanEyeplusWapp,918147747358,2024-11-10,0,0,0,6,6,6,0
MediScanWapp,919148229992,2024-11-10,0,195,0,94,289,273,16
FatakPayWapp1,919820476476,2024-11-11,3,113,0,925,1041,1040,1
MahindraTractorsWapp,917738038456,2024-11-11,2347,32679,1,22204,57231,37349,19882
VyaparAppWapp,918447702899,2024-11-11,19213,474205,21,25862,519301,501954,17347
RagavsresearchWapp,919538821110,2024-11-12,0,414,0,37,451,423,28
TitanEyeplusWapp,918147747358,2024-11-12,0,6,0,5,11,11,0
Imagine_LM,916366310359,2024-11-13,10,1149,0,34,1193,1186,7
Helios-Wapp,918147747801,2024-11-13,44,1685,0,954,2683,2410,273
FatakPayWapp1,919820476476,2024-11-14,344,11359,0,42253,53956,52952,1004
FastrakEyewerWa_MOE,918951985791,2024-11-14,255,10222,0,4425,14902,14256,646
VEROMODAWapp,918655853429,2024-11-14,0,12,0,40,52,52,0
CarzonrentWapp,918882222222,2024-11-14,9,2211,0,665,2885,2600,285
ManipalBusinessSolutions6192Wapp,918448441789,2024-11-15,0,1,0,0,1,1,0
FastrackEyewearWapp,918951985791,2024-11-15,1213,15962,0,77277,94452,64956,29496
JACKnJONESWapp,918655853425,2024-11-15,17876,155352,0,76738,249966,242993,6973
demoac,918147745516,2024-11-15,0,1,0,1,2,2,0
Imagine_WSOFT,917795967412,2024-11-16,0,0,0,646,646,646,0
FatakPayWapp1,919820476476,2024-11-16,1032,32976,8,30849,64865,62369,2496
FatakPayWapp1,918828855383,2024-11-16,679,6205,0,1481,8365,7957,408
MPokketWapp,919147160976,2024-11-01,534,22986,9,4445,27974,27009,965
RagavsresearchWapp,919538821110,2024-11-02,2,347,0,21,370,349,21
FastrackEyewearWapp,918951985791,2024-11-04,0,2,0,132,134,134,0
TervivaWapp,918861147510,2024-11-05,0,1,0,0,1,1,0
ARCLORGANICSLIMITED3604Wapp,919330329226,2024-11-05,9,120,0,36,165,147,18
FatakPayWapp1,918828855383,2024-11-06,468,3829,0,593,4890,4690,200
Helios-Wapp,918147747801,2024-11-06,38,1827,1,1023,2889,2631,258
DeltaDiagnosticWapp,919900009407,2024-11-06,0,169,0,10,179,169,10
DeltaDiagnosticWapp,919900009407,2024-11-08,0,140,0,13,153,141,12
FastrackEyewearWapp,918951985791,2024-11-08,0,15,0,41,56,56,0
HINDITWapp,919999441761,2024-11-08,0,5,0,2,7,7,0
V2RetailWapp,918130907705,2024-11-08,0,239,0,5,244,240,4
WRANGLERWapp,918197909346,2024-11-09,103,5089,0,2637,7829,7306,523
FatakPayWapp1,919820476476,2024-11-09,44,1265,0,1261,2570,2491,79
FastrakEyewerWa_MOE,918951985791,2024-11-09,218,9250,284,3976,13728,13123,605
FatakPayWapp1,918828855383,2024-11-10,23,211,0,118,352,340,12
AryansgroupWapp,919646699888,2024-11-10,0,10,0,0,10,10,0
Soundscap_WSOFT,919606018595,2024-11-10,0,10,0,9,19,18,1
Imagine_WSOFT,917795967412,2024-11-10,0,0,0,665,665,665,0
FatakPayWapp1,919820476476,2024-11-10,2,90,0,743,835,830,5
Soundscap_WSOFT,919606018595,2024-11-11,0,18,0,4,22,22,0
Imagine_LM,916366310359,2024-11-12,3,1340,1,96,1440,1439,1
VyaparAppWapp,918447702899,2024-11-12,17543,432899,10,28776,479228,463882,15346
Helios-Wapp,918147747801,2024-11-12,58,1767,0,1331,3156,2891,265
Whatsapp_Test1,918147745516,2024-11-13,0,3,0,0,3,3,0
FastrackWapp,918147747802,2024-11-13,0,1,0,0,1,1,0
MiabyTanishqWapp,918147747803,2024-11-14,0,2,0,0,2,2,0
MPokketWapp,919147163607,2024-11-14,353,20634,0,3534,24521,23618,903
SMSCLOUDWapp,919958881928,2024-11-14,0,2,0,21,23,23,0
V2RetailWapp,918130907705,2024-11-14,0,268,0,25,293,278,15
VyaparAppWapp,918447702899,2024-11-14,17172,427190,0,24371,468733,450065,18668
Imagine_WSOFT,917795967412,2024-11-15,0,0,0,436,436,436,0
PearlopticsWapp,917483327073,2024-11-15,163,344,0,393,900,727,173
FastrackWapp,918147747802,2024-11-15,0,2,0,0,2,2,0
MahindraTractorsWapp,917738038456,2024-11-15,3404,53019,0,28568,84991,59046,25945
VEROMODAWapp,918655628864,2024-11-15,10038,91243,0,31049,132330,131881,449
AryansgroupWapp,919646699888,2024-11-15,71,1799,0,506,2376,2041,335
SochCircleWapp,919731407139,2024-11-15,0,12,0,2,14,14,0
WRANGLERWapp,918197909346,2024-11-16,4263,80882,0,36819,121964,108022,13942
RagavsresearchWapp,919538821110,2024-11-01,2,185,0,7,194,187,7
DeltaDiagnosticWapp,919900009407,2024-11-01,0,35,0,5,40,35,5
DeltaDiagnosticWapp,919900009407,2024-11-02,0,60,0,4,64,60,4
FastrackWapp,918147747802,2024-11-02,0,5,0,0,5,5,0
MahindraTractorsWapp,917738038456,2024-11-02,953,16300,0,10923,28176,22544,5632
SoundscapeWapp,917795967414,2024-11-03,0,56,0,21,77,75,2
SoundscapeWapp,917795967414,2024-11-04,5,119,0,38,162,152,10
1ststepWapp,919940924255,2024-11-04,0,94,0,9,103,94,9
PearlopticsWapp,917483327073,2024-11-04,6,256,0,838,1100,1010,90
MiabyTanishqWapp,918147747803,2024-11-04,0,4,0,2,6,6,0
Imagine_WSOFT,917795967412,2024-11-04,0,0,0,374,374,374,0
MPokketWapp,919147163607,2024-11-06,0,1,0,0,1,1,0
propsharksWapp,918968961200,2024-11-06,405,6814,0,2606,9825,9094,731
Soundscap_WSOFT,919606018595,2024-11-06,0,7,0,5,12,12,0
WorldofTitanWapp,918147747357,2024-11-07,20,913,0,343,1276,1157,119
ONLYWapp,918655628708,2024-11-08,1721,14794,0,3819,20334,19082,1252
LeeClubWapp,918861451265,2024-11-09,90,3953,0,1904,5947,5559,388
FastrackEyewearWapp,918951985791,2024-11-09,9,787,0,305,1101,999,102
Soundscap_WSOFT,919606018595,2024-11-09,0,13,0,19,32,29,3
FatakPayWapp1,918828855383,2024-11-09,1096,4302,0,8222,13620,12948,672
MiabyTanishqWapp,918147747803,2024-11-12,0,1,0,0,1,1,0
AnushInfobaseWapp,918050555432,2024-11-13,0,28,0,14,42,40,2
TanishqWapp,918147747356,2024-11-14,0,7,0,3,10,10,0
ProcucevWapp,919606848835,2024-11-14,38,451,0,170,659,615,44
FastrackEyewearWapp,918951985791,2024-11-14,8625,365596,0,94596,468817,438677,30140
CASARetailAI7544Wapp,918147745516,2024-11-15,0,0,0,3,3,3,0
RagavsresearchWapp,919538821110,2024-11-15,5,391,0,41,437,396,41
ManipalBusinessSolutions6192Wapp,918448441789,2024-11-16,0,5,0,10,15,15,0
AnushInfobaseWapp,918050555432,2024-11-16,0,3,0,7,10,7,3
DeltaDiagnosticWapp,919900009407,2024-11-16,2,133,5,8,148,143,5
SoundscapeWapp,917795967414,2024-11-01,1,90,0,42,133,129,4
FatakPayWapp1,918828855360,2024-11-02,8583,31053,0,9787,49423,46621,2802
Helios-Wapp,918147747801,2024-11-03,48,2085,0,984,3117,2806,311
ProcucevWapp,919606848835,2024-11-05,83,1092,0,302,1477,1365,112
FastrakEyewerWa_MOE,918951985791,2024-11-05,10,1208,0,430,1648,1589,59
FastrackEyewearWapp,918951985791,2024-11-05,0,13,0,70,83,83,0
demoac,918147745516,2024-11-06,0,4,0,3,7,7,0
MahindraTractorsWapp,917738038456,2024-11-07,4728,115090,493,71359,191670,160009,31661
V2RetailWapp,918130907705,2024-11-07,1,210,0,6,217,212,5
ARCLORGANICSLIMITED3604Wapp,919330329226,2024-11-07,1,49,0,13,63,56,7
FatakPayWapp1,918828855360,2024-11-09,7029,43730,3,5621,56383,52301,4082
V2RetailWapp,918130907705,2024-11-10,0,140,0,12,152,143,9
TervivaWapp,918861147510,2024-11-11,0,1,0,0,1,1,0
AryansgroupWapp,919646699888,2024-11-12,0,13,0,1,14,14,0
RafterWapp,919606790640,2024-11-13,482,3192,0,1547,5221,4667,554
SELECTEDHOMMEWapp,918655628701,2024-11-14,0,22,0,4,26,26,0
TitanEyeplusWapp,918147747358,2024-11-14,3325,130150,0,59756,193231,169891,23340
AryansgroupWapp,919646699888,2024-11-14,0,5,0,0,5,5,0
JackandJonesJuniorWapp,918655628704,2024-11-15,125,1256,0,591,1972,1970,2
Imagine_LM,916366310359,2024-11-15,6,1870,0,256,2132,2099,33
CarzonrentWapp,918882222222,2024-11-15,11,1834,0,643,2488,2216,272
PositiveDesigns0876Wapp,919718592666,2024-11-16,0,0,0,1,1,1,0
AnushInfobaseWapp,918050555432,2024-11-02,0,3,0,7,10,9,1
MediScanWapp,919148229992,2024-11-02,5,264,0,30,299,272,27
EncircleWapp_Tech,918147745515,2024-11-02,0,2,0,1,3,3,0
CarzonrentWapp,918882222222,2024-11-03,6,1148,0,459,1613,1160,453
1ststepWapp,919940924255,2024-11-03,0,160,4,9,173,164,9
Imagine_LM,916366310359,2024-11-03,0,779,0,28,807,791,16
VyaparAppWapp,918447702899,2024-11-04,14844,345972,5,19835,380656,364571,16085
RagavsresearchWapp,919538821110,2024-11-04,5,441,0,37,483,446,37
V2RetailWapp,918130907705,2024-11-05,0,236,0,5,241,236,5
Imagine_LM,916366310359,2024-11-05,0,952,0,43,995,986,9
RagavsresearchWapp,919538821110,2024-11-05,9,534,0,19,562,543,19
AryansgroupWapp,919646699888,2024-11-06,0,1,0,0,1,1,0
FastrackEyewearWapp,918951985791,2024-11-06,0,5,0,9,14,14,0
MPokketWapp,919147163607,2024-11-07,0,2,0,1,3,3,0
FatakPayWapp1,918828855383,2024-11-07,1390,6359,0,1723,9472,8951,521
ARCLORGANICSLIMITED3604Wapp,919330329226,2024-11-08,13,171,0,57,241,215,26
JACKnJONESWapp,918655853425,2024-11-08,3790,43457,0,14276,61523,61062,461
FatakPayWapp1,918828855383,2024-11-08,815,6461,0,1696,8972,8556,416
propsharksWapp,918968961200,2024-11-09,478,9083,0,4218,13779,12851,928
TitanEncircle,918147745515,2024-11-09,382,3875,0,2650,6907,6289,618
Helios-Wapp,918147747801,2024-11-10,64,2034,0,1288,3386,3073,313
CarzonrentWapp,918882222222,2024-11-10,18,1706,0,540,2264,1990,274
AryansgroupWapp,919646699888,2024-11-11,156,2841,0,523,3520,3115,405
EncircleWapp_Tech,918147745515,2024-11-11,0,6,0,0,6,6,0
ImagineByAmpleWapp,919606024009,2024-11-11,1,43,0,32,76,72,4
DeltaDiagnosticWapp,919900009407,2024-11-11,4,167,0,16,187,174,13
TitanEncircle,918147745515,2024-11-12,1,21,1,25,48,46,2
FatakPayWapp1,918828855360,2024-11-12,7248,40419,0,5253,52920,48950,3970
ShikshaMahotsav2993Wapp,918766330255,2024-11-12,0,0,0,2,2,2,0
ManipalBusinessSolutions6192Wapp,918147745516,2024-11-12,0,0,0,3,3,3,0
WorldofTitanWapp,918147747357,2024-11-13,29,941,0,356,1326,1181,145
ARCLORGANICSLIMITED3604Wapp,919330329226,2024-11-13,3,103,0,66,172,154,18
demoac,9686544566,2024-11-13,0,0,0,15,15,15,0
DeltaDiagnosticWapp,919900009407,2024-11-13,2,135,0,9,146,137,9
KaamProKaamPro_tech8662Wapp,917240066111,2024-11-13,0,0,0,17,17,17,0
TitanEncircle,918147745515,2024-11-13,0,26,0,58,84,84,0
Whatsapp_Test1,918147745516,2024-11-14,0,1,0,0,1,1,0
ImagineByAmpleWapp,917795967412,2024-11-15,3,58,0,16,77,74,3
V2RetailWapp,918130907705,2024-11-15,4856,143664,105,49387,198012,156770,41242
1ststepWapp,919940924255,2024-11-16,5,328,5,32,370,341,29
AryansgroupWapp,919646699888,2024-11-16,0,5,0,0,5,5,0
TaneiraWapp,918147747804,2024-11-02,5,0,0,0,5,5,0
Soundscap_WSOFT,919606018595,2024-11-02,1,36,0,22,59,57,2
SoundscapeWapp,918951930570,2024-11-02,0,11,0,3,14,14,0
SoundscapeWapp,917795967414,2024-11-02,1,121,0,42,164,154,10
KaamProKaamPro_tech8662Wapp,917240066111,2024-11-04,0,1,0,0,1,1,0
WorldofTitanWapp,918147747357,2024-11-04,38,2323,0,755,3116,2860,256
demoac,918147745516,2024-11-04,0,0,0,1,1,1,0
SoundscapeWapp,918951928369,2024-11-05,0,3,0,3,6,5,1
MediScanWapp,919148229992,2024-11-06,5,359,0,79,443,388,55
Soundscap_WSOFT,919606018595,2024-11-07,0,6,0,10,16,13,3
Imagine_WSOFT,917795967412,2024-11-07,0,0,0,362,362,362,0
FatakPayWapp1,919820476476,2024-11-08,0,105,0,921,1026,1014,12
TitanEyeplusWapp,918296457602,2024-11-08,617,23537,0,106637,130791,128559,2232
WorldofTitanWapp,918147747357,2024-11-09,22,1057,0,420,1499,1367,132
Helios-Wapp,918147747801,2024-11-09,45,1669,0,1185,2899,2640,259
EncircleWapp_Tech,918147745515,2024-11-09,0,6,0,1,7,6,1
AnushInfobaseWapp,918050555432,2024-11-11,0,31,0,15,46,46,0
ARCLORGANICSLIMITED3604Wapp,919330329226,2024-11-14,0,2,0,0,2,2,0
ONLYWapp,918655628714,2024-11-14,0,10,0,107,117,117,0
Zoya-Wapp,918147747930,2024-11-14,0,1,0,0,1,1,0
EncircleWapp_Tech,918147745515,2024-11-14,0,7,0,3,10,7,3
FatakPayWapp1,918828855383,2024-11-15,13,257,0,78,348,334,14
DeltaDiagnosticWapp,919900009407,2024-11-15,0,115,0,10,125,115,10
MediScanWapp,919148229992,2024-11-15,4,245,0,110,359,330,29
Helios-Wapp,918147747801,2024-11-15,53,1906,0,1248,3207,2911,296
1ststepWapp,919940924255,2024-11-15,2,230,0,17,249,232,17
IMAGECreativeEducation3084Wapp,917823921574,2024-11-16,11,629,0,188,828,787,41
Imagine_LM,916366310359,2024-11-01,0,1673,0,23,1696,1696,0
V2RetailWapp,918130907705,2024-11-02,0,207,0,4,211,207,4
EncircleWapp_Tech,918147745515,2024-11-03,0,2,0,0,2,2,0
TitanEyeplusWapp,918147747358,2024-11-04,0,0,0,2,2,2,0
MPokketWapp,919147163607,2024-11-04,0,3,0,2,5,5,0
MahindraTractorsWapp,917738038456,2024-11-05,4151,71092,0,31815,107058,78250,28808
1ststepWapp,919940924255,2024-11-06,1,105,0,11,117,109,8
FatakPayWapp1,918828855360,2024-11-07,13117,34871,2,20224,68214,57762,10452
RagavsresearchWapp,919538821110,2024-11-08,1,450,0,44,495,456,39
TitanEyeplusWapp,918147747358,2024-11-09,851,27780,0,21241,49872,44975,4897
MahindraTractorsWapp,917738038456,2024-11-10,10,970,6,170,1156,1125,31
SoundscapeWapp,917795967414,2024-11-10,1,46,0,35,82,79,3
VyaparAppWapp,918447702899,2024-11-10,13629,337869,6,21805,373309,359863,13446
DeltaDiagnosticWapp,919900009407,2024-11-14,2,133,0,8,143,135,8
RagavsresearchWapp,919538821110,2024-11-14,3,472,0,49,524,480,44
ICSMobileEmbedWABA1,918296016807,2024-11-14,0,3,0,0,3,3,0
ARCLORGANICSLIMITED3604Wapp,919330329226,2024-11-15,4,122,0,41,167,150,17
FatakPayWapp1,918828855360,2024-11-15,0,4,0,9,13,13,0
LeeClubWapp,918861451265,2024-11-16,0,12,0,13,25,17,8
V2RetailWapp,918130907705,2024-11-16,2,189,15,10,216,207,9
RagavsresearchWapp,919538821110,2024-11-16,5,437,25,41,508,469,39
VyaparAppWapp,918447702899,2024-11-16,14584,355269,7731,24724,402308,387489,14819
TheTerraceSkyWapp,919311226749,2024-11-01,0,2,0,3,5,4,1
Helios-Wapp,918147747801,2024-11-01,34,1847,0,1142,3023,2730,293
Helios-Wapp,918147747801,2024-11-02,55,1994,0,819,2868,2621,247
FastrackEyewearWapp_SFMC,918951985791,2024-11-04,0,0,0,1,1,1,0
Soundscap_WSOFT,919606018595,2024-11-04,0,9,0,5,14,14,0
DeltaDiagnosticWapp,919900009407,2024-11-04,0,128,0,10,138,128,10
AnushInfobaseWapp,918050555432,2024-11-04,0,36,0,18,54,51,3
EncircleWapp_Tech,918147745515,2024-11-04,0,2,0,1,3,3,0
AnushInfobaseWapp,918050555432,2024-11-05,2,63,0,24,89,89,0
CarzonrentWapp,918882222222,2024-11-06,15,2076,0,553,2644,2370,274
demoac,9686544566,2024-11-06,0,0,0,2,2,2,0
FastrackEyewearWapp,918951985791,2024-11-07,8517,354371,2591,105091,470570,441092,29478
ShikshaMahotsav2993Wapp,918766330255,2024-11-07,0,1,0,1,2,2,0
Imagine_LM,916366310359,2024-11-07,0,1241,0,92,1333,1314,19
ProcucevWapp,919606848835,2024-11-07,44,734,0,221,999,897,102
FastrackWapp,918147747802,2024-11-03,0,3,0,0,3,3,0
SELECTEDHOMMEWapp,918655628872,2024-11-08,200,3326,0,1094,4620,4536,84
SoundscapeWapp,918951928365,2024-11-03,0,11,0,7,18,18,0
TanishqWapp,918147747356,2024-11-08,0,2,0,0,2,2,0
AryansgroupWapp,919646699888,2024-11-03,0,2,0,0,2,2,0
MahindraTractorsWapp,917738038456,2024-11-08,2913,70945,442,55621,129921,109703,20218
TitanEyeplusWapp,918951985791,2024-11-04,0,0,0,1,1,1,0
TitanEyeplusWapp,918296457602,2024-11-09,338,12823,3,23902,37066,35662,1404
demoac,9686544566,2024-11-05,0,0,0,2,2,2,0
SoundscapeWapp,917795967414,2024-11-09,0,119,0,74,193,184,9
Helios-Wapp,918147747801,2024-11-05,57,1994,0,996,3047,2744,303
DeltaDiagnosticWapp,919900009407,2024-11-10,0,110,0,20,130,122,8
Soundscap_WSOFT,919606018595,2024-11-12,0,10,0,4,14,14,0
ManipalBusinessSolutions6192Wapp,918448441789,2024-11-12,0,0,0,4,4,4,0
AnushInfobaseWapp,918050555432,2024-11-12,0,35,0,22,57,56,1
VyaparAppWapp,918447702899,2024-11-06,18401,447300,145,36069,501915,474245,27670
EncircleWapp_Tech,918147745515,2024-11-13,0,5,0,0,5,5,0
V2RetailWapp,918130907705,2024-11-06,0,348,0,7,355,354,1
MiabyTanishqWapp,918147747803,2024-11-13,0,9,0,1,10,10,0
SoundscapeWapp,918951928369,2024-11-06,0,1,0,2,3,3,0
MediScanWapp,919148229992,2024-11-13,8,314,0,138,460,427,33
FastrakEyewerWa_MOE,918951985791,2024-11-06,45,3630,0,1304,4979,4751,228
AnushInfobaseWapp,918050555432,2024-11-14,0,9,0,2,11,11,0
Helios-Wapp,918147747801,2024-11-07,53,1892,0,985,2930,2679,251
Imagine_LM,916366310359,2024-11-14,3,1415,0,155,1573,1548,25
SoundscapeWapp,917795967414,2024-11-07,1,102,0,40,143,128,15
VEROMODAGIRLEmbWapp,918655913950,2024-11-15,33,445,0,1192,1670,1653,17
FastrakEyewerWa_MOE,918951985791,2024-11-08,133,7686,14,3347,11180,10670,510
SoundscapeWapp,917795967414,2024-11-16,4,122,5,52,183,178,5
1ststepWapp,919940924255,2024-11-08,4,135,0,13,152,139,13
Helios-Wapp,918147747801,2024-11-16,68,2042,0,1413,3523,3166,357
JackandJonesJuniorWapp,918655628704,2024-11-09,287,4202,0,1915,6404,6396,8
EncircleWapp_Tech,918147745515,2024-11-16,0,2,0,1,3,3,0
VEROMODAGIRLEmbWapp,918655913948,2024-11-09,151,1649,0,1011,2811,2777,34
Imagine_LM,916366310359,2024-11-16,80,1312,32,303,1727,1696,31
MediScanWapp,919148229992,2024-11-11,5,348,0,144,497,449,48
FatakPayWapp1,918828855383,2024-11-11,10,599,0,122,731,699,32
Imagine_WSOFT,917795967412,2024-11-11,0,0,0,444,444,444,0
FastrackEyewearWapp,918951985791,2024-11-11,0,16,0,6,22,22,0
CarzonrentWapp,918882222222,2024-11-11,22,2519,0,588,3129,2775,354
MahindraTractorsWapp,917738038456,2024-11-12,6822,112264,17,48385,167488,124942,42546
FastrakEyewerWa_MOE,918951985791,2024-11-12,212,9640,61,4381,14294,13657,637
FatakPayWapp1,919820476476,2024-11-12,2,129,0,930,1061,1055,6
EncircleWapp_Tech,918147745515,2024-11-12,0,3,0,1,4,3,1
V2RetailWapp,918130907705,2024-11-12,2,229,0,18,249,238,11
RagavsresearchWapp,919538821110,2024-11-13,6,449,0,32,487,459,28
demoac,918147745516,2024-11-13,0,2,0,0,2,2,0
AryansgroupWapp,919646699888,2024-11-13,0,6,0,0,6,6,0
ManipalBusinessSolutions6192Wapp,918448441789,2024-11-14,0,17,0,27,44,44,0
Imagine_WSOFT,917795967412,2024-11-03,0,0,0,574,574,574,0
FatakPayWapp1,919820476476,2024-11-03,0,40,0,528,568,565,3
DeltaDiagnosticWapp,919900009407,2024-11-03,0,99,0,2,101,99,2
FastrackEyewearWapp,918951985791,2024-11-03,0,0,0,12,12,12,0
MediScanWapp,919148229992,2024-11-04,4,482,0,76,562,502,60
Helios-Wapp,918147747801,2024-11-04,54,2015,0,1017,3086,2771,315
Imagine_WSOFT,917795967412,2024-11-05,0,0,0,381,381,381,0
VyaparAppWapp,918447702899,2024-11-05,16624,422461,21,26762,465868,443668,22200
1ststepWapp,919940924255,2024-11-05,0,111,0,6,117,111,6
RagavsresearchWapp,919538821110,2024-11-06,8,464,0,46,518,484,34
FastrakEyewerWa_MOE,918951985791,2024-11-07,85,5984,3,2272,8344,7953,391
ImagineByAmpleWapp,918951928647,2024-11-08,6721,75249,0,44483,126453,116287,10166
EncircleWapp_Tech,918147745515,2024-11-08,0,18,0,3,21,21,0
Imagine_LM,916366310359,2024-11-09,10,3655,1,213,3879,3843,36
TitanEyeplusWapp,918147747358,2024-11-11,763,30428,0,15883,47074,41357,5717
FatakPayWapp1,918828855360,2024-11-11,20031,73995,1933,23294,119253,105498,13755
WorldofTitanWapp,918147747357,2024-11-11,30,1502,0,600,2132,1962,170
1ststepWapp,919940924255,2024-11-12,2,194,0,20,216,201,15
ProcucevWapp,919606848835,2024-11-13,44,665,0,232,941,839,102
VyaparAppWapp,918447702899,2024-11-13,19489,488900,15,27092,535496,514910,20586
CarzonrentWapp,918882222222,2024-11-13,71,2424,0,851,3346,2870,476
Imagine_WSOFT,917795967412,2024-11-14,0,0,0,385,385,385,0
ImagineByAmpleWapp,916366310359,2024-11-14,0,48,0,11,59,58,1
demoac,918147745516,2024-11-14,0,3,0,0,3,3,0
FatakPayWapp1,919820476476,2024-11-15,1,107,1,869,978,972,6
SoundscapeWapp,917795967414,2024-11-15,2,112,0,54,168,167,1
KASHTIFINSERV1698Wapp,919980123052,2024-11-15,0,0,0,8,8,8,0
CASARetailAI7544Wapp,917738286251,2024-11-15,0,0,0,3,3,3,0
JACKnJONESWapp,918655628869,2024-11-16,159,4159,0,1166,5484,5481,3
WorldofTitanWapp,918147747357,2024-11-01,55,3051,0,1127,4233,3862,371
MiabyTanishqWapp,918147747803,2024-11-01,0,1,0,0,1,1,0
FastrackWapp,918147747802,2024-11-01,0,1,0,0,1,1,0
1ststepWapp,919940924255,2024-11-02,0,193,0,13,206,193,13
Imagine_WSOFT,917795967412,2024-11-02,0,0,0,607,607,607,0
Imagine_LM,916366310359,2024-11-02,18,1083,0,38,1139,1134,5
SoundscapeWapp,918951928366,2024-11-04,0,6,0,5,11,11,0
CarzonrentWapp,918882222222,2024-11-04,22,1811,0,325,2158,1891,267
EncircleWapp_Tech,918147745515,2024-11-06,0,19,0,14,33,31,2
FatakPayWapp1,919820476476,2024-11-07,3,70,0,886,959,954,5
KambarGroupWapp,919611006327,2024-11-07,394,2798,0,1346,4538,4067,471
EncircleWapp_Tech,918147745515,2024-11-07,3,37,0,11,51,50,1
RagavsresearchWapp,919538821110,2024-11-07,7,456,0,49,512,478,34
TitanEyeplusWapp,918296457602,2024-11-07,0,1,10,0,11,11,0
DeltaDiagnosticWapp,919900009407,2024-11-07,1,146,0,14,161,147,14
Soundscap_WSOFT,919606018595,2024-11-08,0,8,0,7,15,15,0
TitanEyeplusWapp,918147747358,2024-11-08,0,5,0,5,10,10,0
EncircleWapp_Tech,918147745516,2024-11-08,0,0,0,3,3,3,0
VEROMODAWapp,918655628866,2024-11-09,9162,96293,13,31095,136563,136229,334
JACKnJONESWapp,918655853425,2024-11-09,10697,134473,27,44910,190107,189043,1064
MahindraTractorsWapp,917738038456,2024-11-09,1003,23804,16,6059,30882,25894,4988
VyaparAppWapp,918447702899,2024-11-09,15196,354973,8,27099,397276,381656,15620
FastrakEyewerWa_MOE,918951985791,2024-11-10,297,10215,205,4666,15383,14685,698
RagavsresearchWapp,919538821110,2024-11-11,7,453,0,34,494,471,23
V2RetailWapp,918130907705,2024-11-11,4,221,0,18,243,227,16
FastrakEyewerWa_MOE,918951985791,2024-11-13,244,9402,1,4633,14280,13645,635
Soundscap_WSOFT,919606018595,2024-11-13,0,9,0,8,17,17,0
MahindraTractorsWapp,917738038456,2024-11-13,4394,93298,487,30991,129170,103325,25845
FatakPayWapp1,919820476476,2024-11-13,3,111,1,727,842,835,7
TaneiraWapp,918147747804,2024-11-13,0,1,0,1,2,2,0
JACKnJONESWapp,918655628871,2024-11-14,0,14,0,77,91,91,0
MahindraTractorsWapp,917738038456,2024-11-14,2352,72940,1,24759,100052,78771,21281
MediScanWapp,919148229992,2024-11-14,5,269,0,102,376,351,25
SELECTEDHOMMEWapp,918655628700,2024-11-15,1026,11256,0,12401,24683,23818,865
Soundscap_WSOFT,919606018595,2024-11-15,0,5,0,9,14,13,1
TaneiraWapp,918147747804,2024-11-15,0,2,0,0,2,2,0
VEROMODAGIRLEmbWapp,918655913951,2024-11-15,98,1127,0,2757,3982,3874,108
VyaparAppWapp,918447702899,2024-11-15,17778,441202,61,23721,482762,464810,17952
MahindraTractorsWapp,917738038456,2024-11-16,2950,68492,2,21988,93432,74484,18948
JackandJonesJuniorWapp,918655628703,2024-11-16,290,2269,0,763,3322,3269,53
NarayanNethralayaWapp,919900557605,2024-11-16,1,74,0,21448,21523,19384,2139
FatakPayWapp1,919820476476,2024-11-01,2,40,0,656,698,695,3
AryansgroupWapp,919646699888,2024-11-01,0,4,0,0,4,4,0
TanishqWapp,918147747356,2024-11-02,0,6,0,1,7,7,0
FatakPayWapp1,919820476476,2024-11-02,2,90,0,652,744,734,10
TanishqWapp,918147747356,2024-11-03,0,3,0,0,3,3,0
V2RetailWapp,918130907705,2024-11-04,0,215,0,1,216,215,1
Imagine_LM,916366310359,2024-11-04,0,848,0,9,857,854,3
CarzonrentWapp,918882222222,2024-11-05,20,1997,0,387,2404,2202,202
EncircleWapp_Tech,918147745515,2024-11-05,0,8,0,7,15,15,0
FatakPayWapp1,919820476476,2024-11-05,3,71,0,812,886,878,8
FatakPayWapp1,918828855360,2024-11-06,12366,40900,7924,16061,77251,67675,9576
ICSMobileEmbedWABA1,918296016807,2024-11-06,0,17,0,6,23,23,0
Imagine_LM,916366310359,2024-11-06,0,988,0,73,1061,1044,17
Imagine_WSOFT,917795967412,2024-11-06,0,0,0,396,396,396,0
FatakPayWapp1,919820476476,2024-11-06,0,101,0,1062,1163,1156,7
AryansgroupWapp,919646699888,2024-11-07,0,1,0,0,1,1,0
MediScanWapp,919148229992,2024-11-07,3,299,0,86,388,352,36
CarzonrentWapp,918882222222,2024-11-08,8,1747,2,477,2234,2050,184
VEROMODAWapp,918655628864,2024-11-08,600,6944,0,769,8313,8290,23
ICSMobileEmbedWABA1,918296016807,2024-11-08,0,3,0,1,4,4,0
Helios-Wapp,918147747801,2024-11-08,50,1826,0,1112,2988,2681,307
FatakPayWapp1,918828855360,2024-11-08,144,997,0,94,1235,1142,93
V2RetailWapp,918130907705,2024-11-09,0,331,0,36,367,352,15
1ststepWapp,919940924255,2024-11-10,5,182,0,17,204,194,10
SoundscapeWapp,917795967414,2024-11-11,3,104,0,49,156,152,4
Helios-Wapp,918147747801,2024-11-11,48,1950,0,1253,3251,2930,321
WorldofTitanWapp,918147747357,2024-11-12,31,1955,0,652,2638,2419,219
FastrackEyewearWapp,918951985791,2024-11-13,0,4,0,5,9,9,0
FatakPayWapp1,918828855383,2024-11-14,0,0,0,225,225,211,14
FastrakEyewerWa_MOE,918951985791,2024-11-15,246,10486,0,4645,15377,14723,654
SNNRajCorp5813Wapp,918095878787,2024-11-15,0,1,0,0,1,1,0
FastrackWapp,918147747802,2024-11-16,0,1,0,0,1,1,0
ARCLORGANICSLIMITED3604Wapp,919330329226,2024-11-01,8,113,0,48,169,150,19
SoundscapeWapp,918951930570,2024-11-01,0,10,0,5,15,15,0
1ststepWapp,919940924255,2024-11-01,1,159,0,8,168,160,8
MiabyTanishqWapp,918147747803,2024-11-02,0,4,0,0,4,4,0
MiabyTanishqWapp,918147747803,2024-11-03,0,5,0,1,6,6,0
RagavsresearchWapp,919538821110,2024-11-03,2,253,0,14,269,255,14
MediScanWapp,919148229992,2024-11-05,1,391,0,60,452,406,46
Soundscap_WSOFT,919606018595,2024-11-05,0,12,0,4,16,16,0
MPokketWapp,919147163607,2024-11-05,962,39649,0,6377,46988,45043,1945
MahindraTractorsWapp,917738038456,2024-11-06,3361,80313,1,34028,117703,94839,22864
VyaparAppWapp,918447702899,2024-11-07,15345,310104,11,18972,344432,329408,15024
AnushInfobaseWapp,918050555432,2024-11-07,0,72,0,34,106,106,0
1ststepWapp,919940924255,2024-11-07,1,107,0,10,118,108,10
SELECTEDHOMMEWapp,918655628700,2024-11-09,716,12101,0,10505,23322,22989,333
DeltaDiagnosticWapp,919900009407,2024-11-09,2,165,0,19,186,171,15
TitanEncircle,919980885101,2024-11-09,1923,56205,2,56285,114415,106887,7528
CarzonrentWapp,918882222222,2024-11-09,8,1272,0,352,1632,1418,214
ONLYWapp,918655628718,2024-11-09,9025,76289,5,46546,131865,117516,14349
EncircleWapp_Tech,918147745515,2024-11-10,0,6,0,2,8,7,1
WorldofTitanWapp,918147747357,2024-11-10,27,1048,0,455,1530,1368,162
Imagine_LM,916366310359,2024-11-11,0,1444,0,57,1501,1482,19
demoac,9686544566,2024-11-11,0,0,0,4,4,4,0
FastrackEyewearWapp,918951985791,2024-11-12,5525,312775,0,84562,402862,381247,21615
V2RetailWapp,918130907705,2024-11-13,1,386,0,25,412,390,22
ImagineByAmpleWapp,918951928647,2024-11-13,1,63,0,32,96,92,4
ICSMobileEmbedWABA1,918296016807,2024-11-13,0,10,0,0,10,10,0
1ststepWapp,919940924255,2024-11-13,6,195,0,20,221,201,20
Soundscap_WSOFT,919606018595,2024-11-14,0,8,0,6,14,13,1
TanishqWapp,918147747356,2024-11-15,0,25,0,2,27,27,0
WorldofTitanWapp,918147747357,2024-11-15,19,1083,0,367,1469,1321,148
ONLYWapp,918655628711,2024-11-15,11509,84018,0,37460,132987,127934,5053
Soundscap_WSOFT,919606018595,2024-11-16,1,9,1,10,21,21,0
KaamProKaamPro_tech8662Wapp,917240066111,2024-11-16,0,11,0,19,30,30,0
EncircleWapp_Tech,918147745515,2024-11-01,0,0,0,1,1,1,0
Soundscap_WSOFT,919606018595,2024-11-01,2,43,0,17,62,58,4
Imagine_WSOFT,917795967412,2024-11-01,0,0,0,577,577,577,0
AryansgroupWapp,919646699888,2024-11-02,0,2,0,0,2,2,0
MahindraTractorsWapp,917738038456,2024-11-03,598,19479,0,9422,29499,26143,3356
FatakPayWapp1,918828855383,2024-11-04,15,315,0,58,388,377,11
DeltaDiagnosticWapp,919900009407,2024-11-05,1,140,0,13,154,141,13
NarayanNethralayaWapp,919900557605,2024-11-05,67,2497,0,1049,3613,3249,364
ProcucevWapp,919606848835,2024-11-06,35,758,0,202,995,923,72
CarzonrentWapp,918882222222,2024-11-07,12,2106,0,480,2598,2377,221
AnushInfobaseWapp,918050555432,2024-11-08,0,21,0,7,28,28,0
Imagine_LM,916366310359,2024-11-08,6,2857,1,132,2996,2984,12
RagavsresearchWapp,919538821110,2024-11-10,3,349,0,24,376,356,20
FastrakEyewerWa_MOE,918951985791,2024-11-11,203,9800,9,4624,14636,13943,693
1ststepWapp,919940924255,2024-11-11,0,129,0,13,142,133,9
propsharksWapp,918968961200,2024-11-12,545,7444,0,3342,11331,10499,832
DeltaDiagnosticWapp,919900009407,2024-11-12,1,117,0,16,134,125,9
FatakPayWapp1,918828855383,2024-11-12,13,262,0,39,314,306,8
ManipalBusinessSolutions6192Wapp,8448441789,2024-11-12,0,0,0,1,1,1,0
MediScanWapp,919148229992,2024-11-12,5,306,0,113,424,392,32
SoundscapeWapp,917795967414,2024-11-13,3,93,0,44,140,133,7
Imagine_WSOFT,917795967412,2024-11-13,0,0,0,372,372,372,0
FatakPayWapp1,918828855383,2024-11-13,429,10998,0,33024,44451,42494,1957
WorldofTitanWapp,918147747357,2024-11-14,12,766,0,315,1093,1005,88
TitanEncircle,918147745515,2024-11-14,0,14,0,45,59,59,0
TaruniClothing3031Wapp,919100011970,2024-11-15,203,9671,0,10129,20003,18100,1903
MPokketWapp,919147163607,2024-11-15,342,14619,4,2496,17461,16575,886
ONLYWapp,918655628711,2024-11-16,66,1179,0,792,2037,2036,1
FatakPayWapp1,918828855360,2024-11-16,5501,37923,2734,5068,51226,47718,3508
FastrakEyewerWa_MOE,918951985791,2024-11-16,254,10805,0,4729,15788,15135,653
SochCircleWapp,919731407139,2024-11-16,21975,48839,0,29978,100792,92702,8090
V2RetailWapp,918130907705,2024-11-01,0,66,0,0,66,66,0
TaneiraWapp,918147747804,2024-11-01,0,1,0,0,1,1,0
WorldofTitanWapp,918147747357,2024-11-02,28,2068,0,470,2566,2362,204
CarzonrentWapp,918882222222,2024-11-02,10,685,0,293,988,700,288
FatakPayWapp1,918828855383,2024-11-02,8,701,0,64,773,773,0
MediScanWapp,919148229992,2024-11-03,4,230,12,35,281,254,27
WorldofTitanWapp,918147747357,2024-11-03,29,1565,0,473,2067,1909,158
MahindraTractorsWapp,917738038456,2024-11-04,1175,20706,2,8910,30793,23379,7414
demoac,918147745516,2024-11-05,0,3,0,0,3,3,0
FatakPayWapp1,918828855383,2024-11-05,17,424,0,89,530,501,29
ARCLORGANICSLIMITED3604Wapp,919330329226,2024-11-06,0,2,0,1,3,3,0
SoundscapeWapp,917795967414,2024-11-06,2,118,0,47,167,157,10
RafterWapp,919606790640,2024-11-06,475,3316,0,1424,5215,4647,568
demoac,918147745516,2024-11-07,0,8,0,8,16,16,0
VyaparAppWapp,918447702899,2024-11-08,15939,410651,14,23368,449972,432438,17534
1ststepWapp,919940924255,2024-11-09,4,172,0,17,193,181,12
AryansgroupWapp,919646699888,2024-11-09,165,6998,0,1751,8914,7802,1112
Imagine_LM,916366310359,2024-11-10,1,3175,0,168,3344,3308,36
ARCLORGANICSLIMITED3604Wapp,919330329226,2024-11-12,12,192,0,67,271,238,33
SoundscapeWapp,917795967414,2024-11-12,3,107,0,51,161,152,9
ManipalBusinessSolutions6192Wapp,918954876829,2024-11-12,0,0,0,2,2,2,0
FatakPayWapp1,918828855360,2024-11-13,12986,82544,2,21989,117521,102635,14886
SoundscapeWapp,917795967414,2024-11-14,3,93,0,31,127,125,2
1ststepWapp,919940924255,2024-11-14,4,214,0,24,242,218,24
NarayanNethralayaWapp,919900557605,2024-11-15,301,9425,0,11792,21518,19223,2295
IMAGECreativeEducation3084Wapp,917823921574,2024-11-15,0,1,0,0,1,1,0
VEROMODAWapp,918655628865,2024-11-16,411,5937,0,2368,8716,8673,43
WorldofTitanWapp,918147747357,2024-11-16,27,1102,0,432,1561,1404,157
RafterWapp,919606790640,2024-11-16,441,2704,0,2095,5240,4673,567
RagavsresearchWapp,919538821110,2024-11-17,0,400,0,24,424,400,24
DeltaDiagnosticWapp,919900009407,2024-11-17,0,126,0,3,129,126,3
KaamProKaamPro_tech8662Wapp,917240066111,2024-11-17,0,2,0,0,2,2,0
EncircleWapp_Tech,918147745515,2024-11-17,0,8,0,2,10,10,0
Helios-Wapp,918147747801,2024-11-18,65,1943,0,1147,3155,2840,315
DeltaDiagnosticWapp,919900009407,2024-11-18,3,143,0,17,163,146,17
FastrackWapp,918147747802,2024-11-18,0,1,0,0,1,1,0
ImagineByAmpleWapp,916366310329,2024-11-18,0,62,0,27,89,85,4
lendingplateMarketing8652Wapp,918657876584,2024-11-19,0,0,0,4,4,4,0
WorldofTitanWapp,918147747357,2024-11-19,44,2167,0,777,2988,2765,223
RagavsresearchWapp,919538821110,2024-11-20,7,445,0,33,485,452,33
EncircleWapp_Tech,918147745515,2024-11-20,0,3,0,0,3,3,0
BookeepersBookeepers_tech3668Wapp,919289959639,2024-11-20,0,4,0,1,5,5,0
RagavsresearchWapp,919538821110,2024-11-21,2,415,2,28,447,419,28
propsharksWapp,918968961200,2024-11-21,636,7974,0,3081,11691,10828,863
MissionNatureEnzo7343Wapp,919877257673,2024-11-21,0,2,0,0,2,2,0
TanishqWapp,918147747356,2024-11-22,0,3,0,0,3,3,0
PositiveDesigns0876Wapp,919718592666,2024-11-22,0,12,0,4,16,14,2
JACKnJONESWapp,918655628869,2024-11-23,209,5595,0,1439,7243,7241,2
VEROMODAGIRLEmbWapp,918655913949,2024-11-23,101,1180,0,2688,3969,3829,140
SoundscapeWapp,918951930572,2024-11-23,273,6596,0,3125,9994,9928,66
WorldofTitanWapp,918147747357,2024-11-24,21,1071,0,488,1580,1420,160
RagavsresearchWapp,919538821110,2024-11-25,0,385,0,52,437,412,25
Imagine_WSOFT,917795967412,2024-11-25,0,0,0,402,402,402,0
TanishqWapp,918147747356,2024-11-25,0,7,0,0,7,7,0
FatakPayWapp1,918828855360,2024-11-25,2886,4766,0,1133,8785,7654,1131
MissionNatureEnzo7343Wapp,919877257673,2024-11-26,0,4,0,11,15,15,0
FatakPayWapp1,919820476476,2024-11-18,1698,32963,0,34117,68778,66203,2575
BizzoppOfficial4850Wapp,918448276082,2024-11-19,0,2,0,2,4,4,0
AnushInfobaseWapp,918050555432,2024-11-20,0,19,0,17,36,35,1
PositiveDesigns0876Wapp,919718592666,2024-11-20,0,1,0,0,1,1,0
KambarGroupWapp,919611006327,2024-11-21,382,2558,0,1612,4552,4081,471
FastrackWapp,918147747802,2024-11-21,0,3,0,0,3,3,0
RagavsresearchWapp,919538821110,2024-11-22,8,360,0,37,405,387,18
demoac,918147745516,2024-11-22,0,8,0,5,13,13,0
CarzonrentWapp,918882222222,2024-11-22,51,1861,0,642,2554,2223,331
Helios-Wapp,918147747801,2024-11-22,59,1957,0,1154,3170,2909,261
KaamProKaamPro_tech8662Wapp,917240066111,2024-11-22,0,1,0,0,1,1,0
FastrackEyewearWapp,918951985791,2024-11-23,12,799,0,291,1102,1000,102
IcatWapp,917824831993,2024-11-23,161,4234,0,516,4911,4397,514
VyaparAppWapp,918447702899,2024-11-23,18668,464739,17,23079,506503,486918,19585
Helios-Wapp,918147747801,2024-11-23,52,1696,0,1323,3071,2802,269
SoundscapeWapp,918951928365,2024-11-23,28,407,0,547,982,937,45
DeltaDiagnosticWapp,919900009407,2024-11-24,3,94,0,12,109,97,12
KaamProKaamPro_tech8662Wapp,917240066111,2024-11-26,0,1,0,0,1,1,0
DeltaDiagnosticWapp,919900009407,2024-11-26,1,120,0,8,129,121,8
WorldofTitanWapp,918147747357,2024-11-17,28,1677,0,690,2395,2154,241
Soundscap_WSOFT,919606018595,2024-11-17,0,11,0,11,22,22,0
MahindraTractorsWapp,917738038456,2024-11-18,92,5798,0,706,6596,6177,419
RagavsresearchWapp,919538821110,2024-11-18,7,457,0,32,496,464,32
KambarGroupWapp,919611006327,2024-11-18,0,11,0,7,18,16,2
AnushInfobaseWapp,918050555432,2024-11-19,0,15,0,5,20,20,0
ImagineByAmpleWapp,919606018596,2024-11-19,0,38,0,21,59,59,0
TanishqWapp,918147747356,2024-11-19,0,4,0,1,5,5,0
TitanEyeplusWapp,918147747358,2024-11-19,2,72,0,22,96,95,1
KaamProKaamPro_tech8662Wapp,917240066111,2024-11-20,0,1,0,0,1,1,0
FastrackEyewearWapp,918951985791,2024-11-21,8536,362306,0,98214,469056,439141,29915
SoundscapeWapp,917795967414,2024-11-21,1,119,0,50,170,166,4
Imagine_WSOFT,917795967412,2024-11-21,0,0,0,413,413,413,0
V2RetailWapp,918130907705,2024-11-22,9,324,0,5,338,333,5
1ststepWapp,919940924255,2024-11-22,5,238,19,30,292,262,30
RagavsresearchWapp,919538821110,2024-11-23,5,392,0,80,477,437,40
IMAGECreativeEducation3084Wapp,917823921574,2024-11-23,5,863,0,43,911,874,37
SochCircleWapp,919731406944,2024-11-25,0,9,0,5,14,14,0
AgrimWapp,919599011246,2024-11-26,0,3,0,2,5,5,0
TanishqWapp,918147747356,2024-11-26,0,2,0,0,2,2,0
SochCircleWapp,918050055404,2024-11-26,1,13,0,0,14,14,0
ImagineByAmpleWapp,916366310329,2024-11-16,1,51,0,27,79,71,8
IMAGECreativeEducation3084Wapp,917823921574,2024-11-18,13,632,0,359,1004,948,56
SoundscapeWapp,917795967414,2024-11-19,1,126,0,32,159,154,5
Helios-Wapp,918147747801,2024-11-19,51,1940,0,1098,3089,2802,287
EncircleWapp_Tech,918147745515,2024-11-19,0,6,0,1,7,7,0
FastrakEyewerWa_MOE,918951985791,2024-11-20,258,11861,4,5285,17408,16662,746
WorldofTitanWapp,918147747357,2024-11-20,26,1122,0,437,1585,1425,160
KashtiWapp,919980123052,2024-11-20,0,0,0,5,5,5,0
MiabyTanishqWapp,918147747803,2024-11-20,0,6,0,0,6,6,0
MediScanWapp,919148229992,2024-11-20,2,253,0,87,342,316,26
WorldofTitanWapp,918147747357,2024-11-21,25,1152,0,411,1588,1405,183
DeltaDiagnosticWapp,919900009407,2024-11-21,3,122,0,7,132,125,7
AryansgroupWapp,919646699888,2024-11-21,0,7,0,0,7,7,0
EncircleWapp_Tech,918147745515,2024-11-21,1,0,0,1,2,2,0
TheWoodSaga1305Wapp,918904530755,2024-11-22,4,170,0,144,318,294,24
FatakPayWapp1,918828855383,2024-11-22,91,1380,0,466,1937,1861,76
MediScanWapp,919148229992,2024-11-22,5,270,27,95,397,370,27
FatakPayWapp1,919820476476,2024-11-22,5188,79096,1,46992,131277,125619,5658
FastrakEyewerWa_MOE,918951985791,2024-11-22,312,14384,7,6525,21228,20287,941
TitanEncircle,918147745515,2024-11-23,0,17,0,35,52,52,0
1ststepWapp,919940924255,2024-11-23,2,408,0,24,434,411,23
FatakPayWapp1,919820476476,2024-11-17,0,79,0,600,679,676,3
FatakPayWapp1,918828855383,2024-11-18,551,4884,0,1344,6779,6475,304
demoac,918147745516,2024-11-19,1,11,0,1,13,13,0
FastrakEyewerWa_MOE,918951985791,2024-11-19,252,11016,13,5006,16287,15594,693
Imagine_WSOFT,917795967412,2024-11-20,0,0,0,420,420,420,0
DeltaDiagnosticWapp,919900009407,2024-11-20,0,121,0,13,134,121,13
MissionNatureEnzo7343Wapp,919877257673,2024-11-20,0,57,0,33,90,90,0
MahindraTractorsWapp,917738038456,2024-11-21,1458,35091,727,13930,51206,42816,8390
WorldofTitanWapp,918147747357,2024-11-22,29,1257,0,471,1757,1597,160
MiabyTanishqWapp,918147747803,2024-11-22,0,4,0,0,4,4,0
TitanEncircle,918147745515,2024-11-22,0,53,0,38,91,89,2
JackandJonesJuniorWapp,918655628706,2024-11-22,409,3203,0,1050,4662,4640,22
Imagine_LM,916366310359,2024-11-23,4,332,0,277,613,585,28
SoundscapeWapp,918951928366,2024-11-23,22,694,0,283,999,998,1
KASHTIFINSERV1698Wapp,919980123052,2024-11-24,23,978,0,507,1508,1442,66
TanishqWapp,918147747356,2024-11-24,0,5,0,0,5,5,0
VyaparAppWapp,918447702899,2024-11-25,18935,497663,32,25394,542024,520783,21241
ImagineByAmpleWapp,918951930490,2024-11-25,1,69,0,37,107,103,4
V2RetailWapp,918130907705,2024-11-25,0,207,0,4,211,208,3
AnushInfobaseWapp,918050555432,2024-11-26,0,53,0,4,57,56,1
MahindraTractorsWapp,917738038456,2024-11-26,1345,28370,0,10752,40467,31485,8982
AryansgroupWapp,919646699888,2024-11-18,0,3,0,0,3,3,0
demoac,918147745516,2024-11-18,0,9,0,0,9,9,0
CarzonrentWapp,918882222222,2024-11-18,31,2278,0,669,2978,2558,420
1ststepWapp,919940924255,2024-11-19,7,211,0,14,232,218,14
MissionNatureEnzo7343Wapp,919877257673,2024-11-19,0,3,0,1,4,4,0
KASHTIFINSERV1698Wapp,919980123052,2024-11-19,0,7,0,1,8,8,0
MediScanWapp,919148229992,2024-11-19,3,303,0,100,406,375,31
CarzonrentWapp,918882222222,2024-11-20,66,2350,2,647,3065,2794,271
FatakPayWapp1,919820476476,2024-11-21,3629,40554,1636,31350,77169,74358,2811
FatakPayWapp1,918828855383,2024-11-21,31,534,4,105,674,645,29
ManipalBusinessSolutions6192Wapp,918448441789,2024-11-23,0,3,0,0,3,3,0
RafterWapp,919606790640,2024-11-23,457,2614,0,2174,5245,4688,557
LeeClubWapp,918861451265,2024-11-23,631,11163,0,5261,17055,15093,1962
ScottMorrison6218Wapp,919914780921,2024-11-23,0,1,0,0,1,1,0
FatakPayWapp1,919820476476,2024-11-24,0,22,0,2235,2257,2257,0
V2RetailWapp,918130907705,2024-11-24,0,111,0,6,117,111,6
TaneiraWapp,918147747804,2024-11-24,0,0,0,1,1,1,0
EncircleWapp_Tech,918147745515,2024-11-25,1,3,0,1,5,4,1
Imagine_LM,916366310359,2024-11-26,8,367,20,433,828,807,21
MediScanWapp,919148229992,2024-11-17,2,225,0,46,273,255,18
PositiveDesigns0876Wapp,919718592666,2024-11-18,0,1,0,1,2,2,0
V2RetailWapp,918130907705,2024-11-18,7,369,0,30,406,376,30
Imagine_LM,916366310359,2024-11-18,4,1584,0,248,1836,1811,25
KaamProKaamPro_tech8662Wapp,917240066111,2024-11-19,0,10,0,2,12,12,0
FastrackEyewearWapp,918951985791,2024-11-19,6771,328338,0,68025,403134,381583,21551
HacksHacks_tech9464Wapp,918437170921,2024-11-20,0,1,0,1,2,2,0
ARCLORGANICSLIMITED3604Wapp,919330329226,2024-11-20,0,7,0,2,9,9,0
FatakPayWapp1,919820476476,2024-11-20,3404,51447,26,22768,77645,73772,3873
ProcucevWapp,919606848835,2024-11-20,74,725,0,275,1074,996,78
FatakPayWapp1,918828855360,2024-11-20,10074,50806,1,33495,94376,82893,11483
Helios-Wapp,918147747801,2024-11-20,58,2093,3,1245,3399,3084,315
ARCLORGANICSLIMITED3604Wapp,919330329226,2024-11-21,5,159,0,81,245,201,44
JackandJonesJuniorWapp,918655628704,2024-11-21,0,7,9,48,64,64,0
VEROMODAWapp,918655628867,2024-11-21,0,12,0,29,41,41,0
TitanEyeplusWapp,918147747358,2024-11-21,5362,197475,32,87239,290108,255991,34117
Helios-Wapp,918147747801,2024-11-21,56,1899,0,1229,3184,2879,305
MPokketWapp,919147163607,2024-11-21,1020,35012,0,6738,42770,40935,1835
1ststepWapp,919940924255,2024-11-21,4,201,0,19,224,205,19
ICSMobileEmbedWABA1,918296016807,2024-11-21,0,4,0,6,10,8,2
Imagine_LM,916366310359,2024-11-22,38,553,0,192,783,765,18
VyaparAppWapp,918447702899,2024-11-22,15530,278242,3,17739,311514,296496,15018
AnushInfobaseWapp,918050555432,2024-11-22,0,79,0,25,104,103,1
SoundscapeWapp,918951928370,2024-11-23,19,676,0,296,991,985,6
MediScanWapp,919148229992,2024-11-23,2,271,0,102,375,345,30
FatakPayWapp1,918828855383,2024-11-24,16,760,0,3109,3885,3840,45
TitanEncircle,918147745515,2024-11-24,1,19,0,45,65,65,0
Imagine_LM,916366310359,2024-11-25,5,357,0,323,685,652,33
SpencersOnlineWapp,919147308582,2024-11-25,1,4,0,13,18,16,2
1ststepWapp,919940924255,2024-11-25,4,192,0,29,225,196,29
ManipalBusinessSolutions6192Wapp,918448441789,2024-11-26,0,2,0,1,3,3,0
lendingplate_moe,919266744508,2024-11-26,0,0,1,0,1,1,0
FatakPayWapp1,918828855383,2024-11-17,19,569,0,97,685,661,24
SoundscapeWapp,917795967414,2024-11-17,0,49,0,36,85,84,1
CarzonrentWapp,918882222222,2024-11-17,72,1665,0,644,2381,1902,479
FatakPayWapp1,918828855360,2024-11-18,12925,61210,0,16694,90829,76943,13886
TitanEncircle,918147745515,2024-11-18,0,19,0,32,51,51,0
TitanEncircle,918147745515,2024-11-19,0,34,0,50,84,84,0
Imagine_WSOFT,917795967412,2024-11-19,0,0,0,429,429,429,0
Imagine_LM,916366310359,2024-11-19,9,1213,0,215,1437,1400,37
ManipalBusinessSolutions6192Wapp,918899889987,2024-11-20,0,0,0,2,2,2,0
FastrackEyewearWapp,918951985791,2024-11-20,296,13871,0,6226,20393,19100,1293
IMAGECreativeEducation3084Wapp,917823921574,2024-11-20,6,689,0,315,1010,948,62
ManipalBusinessSolutions6192Wapp,918448441789,2024-11-21,0,3,0,1,4,4,0
FatakPayWapp1,918828855360,2024-11-21,2898,12406,4020,20612,39936,38430,1506
IMAGECreativeEducation3084Wapp,917823921574,2024-11-21,27,706,14,275,1022,996,26
JACKnJONESWapp,918655628707,2024-11-22,16554,156727,0,76314,249595,242248,7347
ONLYWapp,918655853438,2024-11-22,12644,84136,0,35501,132281,127128,5153
ONLYWapp,918655628708,2024-11-23,97,1459,0,520,2076,2074,2
Imagine_WSOFT,917795967412,2024-11-23,0,0,0,588,588,588,0
V2RetailWapp,918130907705,2024-11-23,1,629,0,8,638,630,8
CarzonrentWapp,918882222222,2024-11-24,17,1594,1,389,2001,1719,282
ARCLORGANICSLIMITED3604Wapp,919330329226,2024-11-25,5,162,0,74,241,197,44
KASHTIFINSERV1698Wapp,919980123052,2024-11-25,10,697,1,303,1011,966,45
V2RetailWapp,918130907705,2024-11-26,2,370,0,9,381,372,9
TaruniClothing3031Wapp,919100011970,2024-11-26,159,5196,0,2894,8249,7216,1033
SochCircleWapp,919731406944,2024-11-26,1,150,0,14,165,151,14
CASARetailAI7544Wapp,917738286251,2024-11-26,0,11,0,3,14,14,0
MPokketWapp,919147163607,2024-11-26,1147,38175,0,6665,45987,44065,1922
1ststepWapp,919940924255,2024-11-17,2,299,0,34,335,304,31
TanishqWapp,918147747356,2024-11-20,0,7,0,0,7,7,0
AryansgroupWapp,919646699888,2024-11-20,0,3,0,0,3,3,0
JACKnJONESWapp,918655628870,2024-11-21,0,6,0,46,52,52,0
Soundscap_WSOFT,919606018595,2024-11-21,0,12,0,7,19,18,1
SELECTEDHOMMEWapp,918655628715,2024-11-21,0,10,0,42,52,52,0
MiabyTanishqWapp,918147747803,2024-11-21,0,2,0,0,2,2,0
ImagineByAmpleWapp,918951928647,2024-11-22,2542,24691,0,45691,72924,67134,5790
KASHTIFINSERV1698Wapp,919980123052,2024-11-23,6,324,0,183,513,490,23
AryansgroupWapp,919646699888,2024-11-23,0,1,0,0,1,1,0
TheWoodSaga1305Wapp,918904530755,2024-11-23,0,2,0,0,2,2,0
FastrackWapp,918147747802,2024-11-25,0,1,0,0,1,1,0
MissionNatureEnzo7343Wapp,919877257673,2024-11-25,0,1,0,0,1,1,0
FastrackEyewearWapp,918951985791,2024-11-26,7731,329093,0,66409,403233,381956,21277
TitanEncircle,918147745515,2024-11-26,0,28,7,61,96,96,0
MahindraTractorsWapp,917738038456,2024-11-17,6,900,0,150,1056,1026,30
TitanEncircle,918147745515,2024-11-17,258,9710,0,2106,12074,11143,931
Helios-Wapp,918147747801,2024-11-17,49,1894,0,1266,3209,2932,277
ARCLORGANICSLIMITED3604Wapp,919330329226,2024-11-18,5,120,0,43,168,149,19
FatakPayWapp1,918828855360,2024-11-19,7108,37138,0,4103,48349,44279,4070
VyaparAppWapp,918447702899,2024-11-19,7698,85072,0,6624,99394,93333,6061
KashtiWapp,919980123052,2024-11-19,0,0,0,4,4,4,0
JACKnJONESWapp,918655853425,2024-11-20,0,2,0,0,2,2,0
1ststepWapp,919940924255,2024-11-20,2,216,0,20,238,218,20
TitanEncircle,918147745515,2024-11-21,0,24,0,81,105,105,0
encircle,918147745515,2024-11-21,0,0,1,0,1,1,0
AryansgroupWapp,919646699888,2024-11-22,0,6,0,0,6,6,0
CarzonrentWapp,918882222222,2024-11-23,40,1279,1,571,1891,1568,323
FatakPayWapp1,919820476476,2024-11-23,4187,60125,3,51262,115577,111205,4372
Imagine_LM,916366310359,2024-11-24,6,355,0,273,634,610,24
1ststepWapp,919940924255,2024-11-24,3,292,0,19,314,295,19
MiabyTanishqWapp,918147747803,2024-11-24,0,5,0,0,5,5,0
SoundscapeWapp,917795967414,2024-11-25,2,96,0,61,159,152,7
CASARetailAI7544Wapp,917738286251,2024-11-25,0,7,0,13,20,15,5
FatakPayWapp1,918828855383,2024-11-25,909,4903,0,1581,7393,7017,376
InnuvissWapp,919988949873,2024-11-26,0,5,0,0,5,5,0
VyaparAppWapp,918447702899,2024-11-26,17761,418856,337,20834,457788,440867,16921
WorldofTitanWapp,918147747357,2024-11-26,43,1844,0,758,2645,2443,202
TitanEncircle,918147745515,2024-11-16,0,18,0,88,106,106,0
TanishqWapp,918147747356,2024-11-16,0,7,0,0,7,7,0
V2RetailWapp,918130907705,2024-11-17,0,225,0,8,233,225,8
AnushInfobaseWapp,918050555432,2024-11-18,0,15,0,5,20,20,0
KASHTIFINSERV1698Wapp,919980123052,2024-11-20,3,33,0,11,47,42,5
demoac,918147745516,2024-11-20,0,13,0,0,13,13,0
VyaparAppWapp,918447702899,2024-11-20,6065,67633,1,6728,80427,74622,5805
VyaparAppWapp,918447702899,2024-11-21,12343,238872,961,28090,280266,253873,26393
ImagineByAmpleWapp,918951930490,2024-11-21,0,54,0,22,76,72,4
CarzonrentWapp,918882222222,2024-11-21,38,2177,9,682,2906,2590,316
WorldofTitanWapp,918147747357,2024-11-23,3,37,0,11,51,50,1
FastrackWapp,918147747802,2024-11-23,0,2,0,0,2,2,0
JackandJonesJuniorWapp,918655628706,2024-11-23,5,166,0,170,341,341,0
FastrakEyewerWa_MOE,918951985791,2024-11-24,367,15024,1,7830,23222,22136,1086
FatakPayWapp1,919820476476,2024-11-25,4854,59839,4,54487,119184,114761,4423
Helios-Wapp,918147747801,2024-11-25,58,2166,0,1367,3591,3252,339
FastrakEyewerWa_MOE,918951985791,2024-11-26,408,15775,13,8608,24804,23628,1176
Soundscap_WSOFT,919606018595,2024-11-26,0,3,0,7,10,7,3
FatakPayWapp1,918828855360,2024-11-26,12541,30432,0,5450,48423,44299,4124
ImagineByAmpleWapp,918951928647,2024-11-26,3,36,0,17,56,51,5
MiabyTanishqWapp,918147747803,2024-11-26,0,16,0,0,16,16,0
ImagineByAmpleWapp,916366310329,2024-11-17,1,53,0,19,73,69,4
MissionNatureEnzo7343Wapp,919877257673,2024-11-18,0,3,0,3,6,6,0
Soundscap_WSOFT,919606018595,2024-11-18,0,15,0,6,21,20,1
MPokketWapp,919147163607,2024-11-18,857,34659,0,6353,41869,40044,1825
Imagine_WSOFT,917795967412,2024-11-18,0,0,0,455,455,455,0
Soundscap_WSOFT,919606018595,2024-11-19,0,5,0,5,10,9,1
IMAGECreativeEducation3084Wapp,917823921574,2024-11-19,0,3,0,0,3,3,0
DeltaDiagnosticWapp,919900009407,2024-11-19,1,137,0,7,145,138,7
RagavsresearchWapp,919538821110,2024-11-19,8,376,0,26,410,384,26
TitanEyeplusWapp,918147747358,2024-11-20,318,3495,0,2649,6462,5656,806
ONLYWapp,918655628713,2024-11-21,0,20,0,45,65,65,0
AnushInfobaseWapp,918050555432,2024-11-21,0,66,0,14,80,80,0
demoac,918147745516,2024-11-21,0,5,1,2,8,8,0
MediScanWapp,919148229992,2024-11-21,3,246,0,76,325,312,13
EncircleWapp_Tech,918147745515,2024-11-22,1,0,0,0,1,1,0
Imagine_WSOFT,917795967412,2024-11-22,0,0,0,431,431,431,0
Soundscap_WSOFT,919606018595,2024-11-23,0,14,0,10,24,24,0
SoundscapeWapp,918951930570,2024-11-23,346,3380,0,5630,9356,8846,510
FatakPayWapp1,918828855383,2024-11-23,1356,5295,0,2765,9416,8919,497
VyaparAppWapp,918447702899,2024-11-24,11710,264661,4,15591,291966,279676,12290
Helios-Wapp,918147747801,2024-11-24,60,1963,0,1594,3617,3261,356
WorldofTitanWapp,918147747357,2024-11-25,24,1407,0,635,2066,1873,193
FastrakEyewerWa_MOE,918951985791,2024-11-25,386,15240,9,8255,23890,22758,1132
MediScanWapp,919148229992,2024-11-25,5,370,0,133,508,455,53
Helios-Wapp,918147747801,2024-11-26,43,1615,0,1162,2820,2532,288
FatakPayWapp1,918828855383,2024-11-26,1486,36835,0,8079,46400,42614,3786
Imagine_LM,916366310359,2024-11-17,6,1387,1,266,1660,1617,43
1ststepWapp,919940924255,2024-11-18,2,196,3,17,218,202,16
ManipalBusinessSolutions6192Wapp,918448441789,2024-11-18,0,2,0,8,10,10,0
PositiveDesigns0876Wapp,919718592666,2024-11-19,0,7,0,0,7,7,0
MPokketWapp,919147163607,2024-11-19,0,6,0,0,6,6,0
TanishqWapp,918147747356,2024-11-21,0,1,0,0,1,1,0
SELECTEDHOMMEWapp,918655628872,2024-11-22,1237,11828,0,10575,23640,22783,857
MahindraTractorsWapp,917738038456,2024-11-22,10,742,0,214,966,857,109
Soundscap_WSOFT,919606018595,2024-11-22,1,12,0,6,19,17,2
IcatWapp,917824831993,2024-11-22,48,3160,0,625,3833,3553,280
HacksHacks_tech9464Wapp,918437170921,2024-11-23,0,1,0,0,1,1,0
SELECTEDHOMMEWapp,918655853436,2024-11-23,14,570,0,839,1423,1395,28
DeltaDiagnosticWapp,919900009407,2024-11-23,1,158,0,10,169,159,10
MiabyTanishqWapp,918147747803,2024-11-23,0,0,0,1,1,1,0
PositiveDesigns0876Wapp,919718592666,2024-11-25,2,108,0,90,200,169,31
MiabyTanishqWapp,918147747803,2024-11-25,0,7,0,0,7,7,0
SoundscapeWapp,917795967414,2024-11-26,1,87,0,54,142,133,9
KASHTIFINSERV1698Wapp,919980123052,2024-11-26,4,230,1,130,365,340,25
Imagine_WSOFT,917795967412,2024-11-26,0,0,0,446,446,446,0
MediScanWapp,919148229992,2024-11-16,2,266,12,104,384,368,16
FastrakEyewerWa_MOE,918951985791,2024-11-18,233,10163,1,4667,15064,14402,662
TitanEyeplusWapp,918147747358,2024-11-18,0,7,0,3,10,10,0
EncircleWapp_Tech,918147745515,2024-11-18,0,13,0,1,14,14,0
WorldofTitanWapp,918147747357,2024-11-18,28,1584,0,642,2254,2042,212
VyaparAppWapp,918447702899,2024-11-18,9836,170996,2,10623,191457,182755,8702
IcatWapp,917824831993,2024-11-19,65,2594,0,289,2948,2659,289
ManipalBusinessSolutions6192Wapp,918448441789,2024-11-19,0,8,0,1,9,9,0
AryansgroupWapp,919646699888,2024-11-19,0,2,0,0,2,2,0
V2RetailWapp,918130907705,2024-11-20,13320,254251,16,117988,385575,284194,101381
MahindraTractorsWapp,917738038456,2024-11-20,2859,38108,4,28169,69140,42927,26213
FastrakEyewerWa_MOE,918951985791,2024-11-21,293,13033,104,5847,19277,18451,826
PositiveDesigns0876Wapp,919718592666,2024-11-21,5,138,0,83,226,180,46
KASHTIFINSERV1698Wapp,919980123052,2024-11-21,1,40,2,19,62,61,1
DeltaDiagnosticWapp,919900009407,2024-11-22,6,137,0,8,151,143,8
AnushInfobaseWapp,918050555432,2024-11-23,0,48,0,4,52,52,0
WRANGLERWapp,918197909346,2024-11-23,731,13198,0,5775,19704,17098,2606
SoundscapeWapp,918951928369,2024-11-23,7,166,0,236,409,391,18
RagavsresearchWapp,919538821110,2024-11-24,1,267,0,46,314,307,7
AnushInfobaseWapp,918050555432,2024-11-25,0,33,0,7,40,40,0
AryansgroupWapp,919646699888,2024-11-25,0,5,0,0,5,5,0
FatakPayWapp1,919820476476,2024-11-26,7827,89564,1,24754,122146,115331,6815
MiabyTanishqWapp,918147747803,2024-11-16,0,1,0,0,1,1,0
Imagine_WSOFT,917795967412,2024-11-17,0,0,0,671,671,671,0
AryansgroupWapp,919646699888,2024-11-17,0,3,0,0,3,3,0
FastrakEyewerWa_MOE,918951985791,2024-11-17,249,10364,0,4902,15515,14857,658
KaamProKaamPro_tech8662Wapp,917240066111,2024-11-18,0,3,0,0,3,3,0
MiabyTanishqWapp,918147747803,2024-11-18,0,7,0,0,7,7,0
V2RetailWapp,918130907705,2024-11-19,1,318,0,17,336,319,17
FatakPayWapp1,919820476476,2024-11-19,1534,24573,0,27704,53811,51913,1898
lendingplateMarketing8652Wapp,919266842428,2024-11-19,0,6,0,0,6,6,0
CarzonrentWapp,918882222222,2024-11-19,27,2216,0,617,2860,2545,315
Soundscap_WSOFT,919606018595,2024-11-20,0,10,0,8,18,16,2
ManipalBusinessSolutions6192Wapp,918448441789,2024-11-20,0,3,0,8,11,10,1
TitanEncircle,918147745515,2024-11-20,1,10,0,48,59,59,0
IcatWapp,917824831993,2024-11-21,142,8463,1,644,9250,8611,639
VEROMODAWapp,918655628865,2024-11-22,10477,90294,0,30011,130782,130230,552
SoundscapeWapp,918951928366,2024-11-22,2,10,0,60,72,68,4
KASHTIFINSERV1698Wapp,919980123052,2024-11-22,0,32,0,37,69,55,14
SoundscapeWapp,917795967414,2024-11-22,1,83,0,50,134,130,4
ManipalBusinessSolutions6192Wapp,918448441789,2024-11-22,0,3,0,5,8,8,0
FastrakEyewerWa_MOE,918951985791,2024-11-23,386,15264,0,7491,23141,22093,1048
SoundscapeWapp,917795967414,2024-11-23,987,20678,0,20342,42007,37112,4895
TaruniClothing3031Wapp,919100011970,2024-11-23,236,9576,0,15283,25095,23043,2052
VEROMODAGIRLEmbWapp,918655913950,2024-11-23,43,432,0,1207,1682,1663,19
VEROMODAWapp,918655628709,2024-11-23,410,5332,0,3020,8762,8760,2
Soundscap_WSOFT,919606018595,2024-11-24,0,12,0,14,26,25,1
SoundscapeWapp,917795967414,2024-11-24,2,40,0,32,74,72,2
MediScanWapp,919148229992,2024-11-24,4,199,0,41,244,233,11
Soundscap_WSOFT,919606018595,2024-11-25,0,6,0,4,10,9,1
DeltaDiagnosticWapp,919900009407,2024-11-25,2,113,0,8,123,115,8
TitanEncircle,918147745515,2024-11-25,1,33,0,63,97,97,0
TaneiraWapp,918147747804,2024-11-25,0,1,0,0,1,1,0
CarzonrentWapp,918882222222,2024-11-26,12,2118,32,631,2793,2507,286
CarzonrentWapp,918882222222,2024-11-16,13,1237,62,544,1856,1568,288
VyaparAppWapp,918447702899,2024-11-17,13063,319297,32,16984,349376,335855,13521
TanishqWapp,918147747356,2024-11-17,0,2,0,1,3,3,0
SoundscapeWapp,917795967414,2024-11-18,4,136,0,45,185,183,2
MediScanWapp,919148229992,2024-11-18,12,377,9,114,512,480,32
SELECTEDHOMMEWapp,918655628715,2024-11-19,814,14184,0,8710,23708,23635,73
MahindraTractorsWapp,917738038456,2024-11-19,648,10176,22,5762,16608,11473,5135
FatakPayWapp1,918828855383,2024-11-19,248,3066,0,725,4039,3831,208
SoundscapeWapp,917795967414,2024-11-20,3,107,0,47,157,148,9
Imagine_LM,916366310359,2024-11-20,15,1558,0,198,1771,1759,12
RafterWapp,919606790640,2024-11-20,505,3055,0,1683,5243,4687,556
IcatWapp,917824831993,2024-11-20,49,1662,0,146,1857,1712,145
FatakPayWapp1,918828855383,2024-11-20,965,7862,0,717,9544,9067,477
V2RetailWapp,918130907705,2024-11-21,0,348,0,2,350,348,2
Imagine_LM,916366310359,2024-11-21,2,1174,4,184,1364,1335,29
KaamProKaamPro_tech8662Wapp,917240066111,2024-11-21,0,1,0,0,1,1,0
encircle,918147745515,2024-11-22,0,0,1,0,1,1,0
FatakPayWapp1,918828855360,2024-11-22,9409,44606,0,4761,58776,54053,4723
SoundscapeWapp,918951928356,2024-11-23,5,330,0,402,737,718,19
Imagine_WSOFT,917795967412,2024-11-24,0,0,0,674,674,674,0
CarzonrentWapp,918882222222,2024-11-25,61,2201,0,538,2800,2503,297
1ststepWapp,919940924255,2024-11-26,2,192,0,16,210,194,16
MediScanWapp,919148229992,2024-11-26,9,311,0,114,434,397,37
RagavsresearchWapp,919538821110,2024-11-26,7,433,0,77,517,486,31
SoundscapeWapp,917795967414,2024-11-30,3,75,0,52,130,124,6
AryansgroupWapp,919646699888,2024-11-30,0,6,0,0,6,6,0
Imagine_LM,916366310359,2024-11-30,12,1621,0,534,2167,2119,48
MPokketWapp,919147163607,2024-11-29,3,10,0,2,15,15,0
TitanEncircle,918147745515,2024-11-29,0,17,0,21,38,38,0
V2RetailWapp,918130907705,2024-11-29,5,240,0,3,248,245,3
EncircleWapp_Tech,918147745515,2024-11-29,0,4,0,2,6,4,2
FatakPayWapp1,918828855360,2024-11-28,21025,100522,88,20349,141984,123138,18846
1ststepWapp,919940924255,2024-11-28,10,252,1,18,281,268,13
FatakPayWapp1,918828855360,2024-11-27,8930,50586,44,6516,66076,60912,5164
TitanEncircle,918147745515,2024-11-30,3028,102418,12,65361,170819,155592,15227
MahindraTractorsWapp,917738038456,2024-11-30,1159,14376,0,9658,25193,17020,8173
AryansgroupWapp,919646699888,2024-11-29,0,5,0,0,5,5,0
VEROMODAGIRLEmbWapp,918655913950,2024-11-29,132,1104,0,2722,3958,3774,184
JackandJonesJuniorWapp,918655628706,2024-11-29,215,2396,0,1630,4241,4235,6
SoundscapeWapp,917795967414,2024-11-29,0,76,0,44,120,112,8
Imagine_WSOFT,917795967412,2024-11-28,0,0,0,465,465,465,0
SoundscapeWapp,917795967414,2024-11-27,3,106,0,58,167,159,8
FatakPayWapp1,919820476476,2024-11-27,5498,57780,42,408813,472133,467653,4480
CarzonrentWapp,918882222222,2024-11-27,23,2199,0,636,2858,2586,272
TitanEncircle,919980885101,2024-11-30,1531,53474,5,31499,86509,78308,8201
MiabyTanishqWapp,918147747803,2024-11-29,0,3,0,0,3,3,0
DeltaDiagnosticWapp,919900009407,2024-11-29,0,114,0,9,123,114,9
FastrakEyewerWa_MOE,918951985791,2024-11-29,445,16056,104,9653,26258,25030,1228
VEROMODAGIRLEmbWapp,918655913948,2024-11-28,0,15,0,37,52,52,0
NarayanNethralayaWapp,919900557605,2024-11-28,428,9327,0,11766,21521,19229,2292
ImagineByAmpleWapp,918951928647,2024-11-28,1894,20103,0,25908,47905,44731,3174
SELECTEDHOMMEWapp,918655628716,2024-11-27,876,11186,0,10284,22346,21963,383
VEROMODAGIRLEmbWapp,918655913950,2024-11-27,0,3,0,10,13,13,0
CASARetailAI7544Wapp,917738286251,2024-11-27,0,6,0,3,9,9,0
SCHELLINDIAPRIVATELIMITED6058Wapp,916366936722,2024-11-27,0,2,0,0,2,2,0
FatakPayWapp1,918828855360,2024-11-30,13174,69668,0,7463,90305,82963,7342
ONLYWapp,918655628718,2024-11-30,686,6137,0,3055,9878,9614,264
1ststepWapp,919940924255,2024-11-29,2,252,0,21,275,255,20
MissionNatureEnzo7343Wapp,919877257673,2024-11-29,0,6,0,4,10,10,0
RagavsresearchWapp,919538821110,2024-11-29,2,324,0,13,339,326,13
TitanEncircle,918147745515,2024-11-28,2,16,0,44,62,62,0
MiabyTanishqWapp,918147747803,2024-11-28,0,18,0,0,18,18,0
PantaloonsWapp,918657876585,2024-11-28,0,4,0,7,11,10,1
JACKnJONESWapp,918655628707,2024-11-27,7829,98410,0,40692,146931,146777,154
WorldofTitanWapp,918147747357,2024-11-27,20,949,0,393,1362,1237,125
MediScanWapp,919148229992,2024-11-27,4,238,0,91,333,300,33
1ststepWapp,919940924255,2024-11-30,5,251,0,22,278,256,22
MPokketWapp,919147163607,2024-11-30,3,10,0,0,13,13,0
TanishqWapp,918147747356,2024-11-30,0,7,0,1,8,8,0
CarzonrentWapp,918882222222,2024-11-29,4,1829,1,586,2420,2139,281
ONLYWapp,918655628718,2024-11-29,9038,67054,0,41305,117397,115633,1764
Imagine_LM,916366310359,2024-11-28,9,419,0,502,930,872,58
EncircleWapp_Tech,918147745515,2024-11-28,0,2,0,0,2,2,0
ONLYWapp,918655853438,2024-11-28,712,5960,0,3393,10065,9802,263
CarzonrentWapp,918882222222,2024-11-28,23,1977,0,711,2711,2343,368
JackandJonesJuniorWapp,918655628704,2024-11-28,314,3756,0,2406,6476,6467,9
SoundscapeWapp,917795967414,2024-11-28,4,122,0,64,190,180,10
RagavsresearchWapp,919538821110,2024-11-27,5,395,0,11,411,400,11
DeltaDiagnosticWapp,919900009407,2024-11-27,1,110,0,7,118,111,7
ImagineByAmpleWapp,919606024009,2024-11-27,3,34,0,13,50,47,3
FastrackEyewearWapp,918951985791,2024-11-30,8826,292995,0,164338,466159,436744,29415
supportdemo,918296016817,2024-11-30,0,0,0,1,1,1,0
CASARetailAI7544Wapp,917738286251,2024-11-29,0,1,0,0,1,1,0
TanishqWapp,918147747356,2024-11-29,0,5,0,0,5,5,0
FatakPayWapp1,918828855383,2024-11-28,2787,9627,0,3544,15958,14904,1054
RagavsresearchWapp,919538821110,2024-11-28,1,352,0,23,376,354,22
ImagineByAmpleWapp,919606024008,2024-11-28,0,1,0,0,1,1,0
DeltaDiagnosticWapp,919900009407,2024-11-28,3,109,0,12,124,112,12
VyaparAppWapp,918447702899,2024-11-28,17483,367925,2,21142,406552,392043,14509
VEROMODAGIRLEmbWapp,918655913949,2024-11-28,57,482,0,1157,1696,1672,24
Helios-Wapp,918147747801,2024-11-28,51,1682,0,1349,3082,2784,298
IcatWapp,917824831993,2024-11-28,127,1617,0,152,1896,1750,146
1ststepWapp,919940924255,2024-11-27,2,213,0,17,232,215,17
PantaloonsWapp,918657876584,2024-11-29,38040,822070,71,259468,1119649,1053780,65869
Imagine_LM,916366310359,2024-11-29,14,561,1,690,1266,1191,75
JACKnJONESWapp,918655628707,2024-11-29,10398,124915,0,59096,194409,194127,282
SELECTEDHOMMEWapp,918655628716,2024-11-29,792,9464,0,12072,22328,21961,367
CASARetailAI7544Wapp,917738286251,2024-11-28,0,1,0,1,2,2,0
FastrakEyewerWa_MOE,918951985791,2024-11-28,461,16486,80,8741,25768,24567,1201
AnushInfobaseWapp,918050555432,2024-11-28,0,25,0,5,30,30,0
FastrakEyewerWa_MOE,918951985791,2024-11-27,445,15602,10,9049,25106,23909,1197
ManipalBusinessSolutions6192Wapp,918448441789,2024-11-27,0,4,0,7,11,11,0
VyaparAppWapp,918447702899,2024-11-27,18763,452291,4,21672,492730,475684,17046
demoac,918147745516,2024-11-27,0,8,0,0,8,8,0
V2RetailWapp,918130907705,2024-11-27,2,382,0,7,391,384,7
MediScanWapp,919148229992,2024-11-30,3,270,0,99,372,339,33
V2RetailWapp,918130907705,2024-11-30,0,172,0,2,174,172,2
MangohillsWapp,918585854615,2024-11-30,0,1,0,1,2,2,0
MahindraTractorsWapp,917738038456,2024-11-29,0,3,0,4,7,6,1
Helios-Wapp,918147747801,2024-11-29,53,1479,0,1430,2962,2689,273
CASARetailAI7544Wapp,917738286251,2024-11-30,0,15,0,12,27,23,4
ICSMobileEmbedWABA1,918296016807,2024-11-29,0,0,0,4,4,4,0
KASHTIFINSERV1698Wapp,919980123052,2024-11-29,4,115,2,49,170,158,12
AnushInfobaseWapp,918050555432,2024-11-29,0,14,0,6,20,19,1
WRANGLERWapp,918197909346,2024-11-29,3644,57808,0,30938,92390,81835,10555
WorldofTitanWapp,918147747357,2024-11-28,29,891,0,392,1312,1162,150
LeeClubWapp,918861451265,2024-11-29,2207,33707,0,20357,56271,49347,6924
FastrackEyewearWapp,918951985791,2024-11-28,8895,348643,214,107881,465633,436493,29140
JACKnJONESWapp,918655628869,2024-11-28,2386,33919,0,16491,52796,52698,98
ImagineByAmpleWapp,919606018596,2024-11-29,9254,76831,29,133501,219615,202308,17307
FatakPayWapp1,919820476476,2024-11-28,6728,106881,117,252146,365872,357798,8074
WorldofTitanWapp,918147747357,2024-11-29,21,963,0,577,1561,1385,176
PantaloonsWapp,918657876584,2024-11-28,0,10,0,12,22,19,3
VEROMODAGIRLEmbWapp,918655913949,2024-11-27,145,1386,0,2440,3971,3786,185
JackandJonesJuniorWapp,918655628703,2024-11-27,0,3,0,14,17,17,0
TanishqWapp,918147747356,2024-11-27,0,5,0,0,5,5,0
FatakPayWapp1,918828855383,2024-11-27,3256,9300,0,4542,17098,15768,1330
MissionNatureEnzo7343Wapp,919877257673,2024-11-30,0,7,0,5,12,12,0
FatakPayWapp1,918828855383,2024-11-30,2986,48757,0,21282,73025,69822,3203
WorldofTitanWapp,918147747357,2024-11-30,22,914,0,561,1497,1340,157
MediScanWapp,919148229992,2024-11-29,6,221,0,99,326,288,38
BookeepersBookeepers_tech3668Wapp,9289959639,2024-11-29,0,0,0,2,2,2,0
FatakPayWapp1,918828855383,2024-11-29,1929,29007,1,9684,40621,38538,2083
FatakPayWapp1,919820476476,2024-11-29,12553,135725,454,272595,421327,409152,12175
Soundscap_WSOFT,919606018595,2024-11-29,0,17,0,19,36,35,1
VEROMODAWapp,918655628709,2024-11-28,1270,10196,0,3419,14885,14848,37
ONLYWapp,918655628718,2024-11-28,0,3,0,1,4,4,0
AryansgroupWapp,919646699888,2024-11-28,18,382,0,134,534,431,103
MediScanWapp,919148229992,2024-11-28,6,230,19,85,340,317,23
SELECTEDHOMMEWapp,918655853436,2024-11-28,265,2861,0,2321,5447,5351,96
KASHTIFINSERV1698Wapp,919980123052,2024-11-28,82,1804,0,224,2110,1960,150
ManipalBusinessSolutions6192Wapp,918448441789,2024-11-28,0,15,0,1,16,16,0
AnushInfobaseWapp,918050555432,2024-11-27,0,47,0,4,51,51,0
VEROMODAWapp,918655628867,2024-11-27,9346,83693,0,38339,131378,131125,253
MPokketWapp,919147163607,2024-11-27,3,12,0,2,17,17,0
Imagine_WSOFT,917795967412,2024-11-30,0,0,0,651,651,651,0
JACKnJONESWapp,918655853425,2024-11-30,3144,33345,0,14933,51422,51322,100
VyaparAppWapp,918447702899,2024-11-30,16631,372813,8,18760,408212,393279,14933
KASHTIFINSERV1698Wapp,919980123052,2024-11-30,2,107,0,57,166,157,9
FastrakEyewerWa_MOE,918951985791,2024-11-30,458,16177,3,9752,26390,25173,1217
SELECTEDHOMMEWapp,918655628716,2024-11-30,219,3024,0,2148,5391,5297,94
FastrackWapp,918147747802,2024-11-30,0,1,0,0,1,1,0
VyaparAppWapp,918447702899,2024-11-29,16078,332600,91,17247,366016,352359,13657
ManipalBusinessSolutions6192Wapp,918448441789,2024-11-29,0,8,0,2,10,10,0
FastrackWapp,918147747802,2024-11-29,0,3,0,0,3,3,0
TaneiraWapp,918147747804,2024-11-28,0,2,0,0,2,2,0
TitanEyeplusWapp,918147747358,2024-11-27,400,3609,0,2408,6417,5616,801
VEROMODAWapp,918655853409,2024-11-30,1286,10375,0,3224,14885,14846,39
Helios-Wapp,918147747801,2024-11-30,52,1679,0,1664,3395,3096,299
JackandJonesJuniorWapp,918655628704,2024-11-30,40,621,0,321,982,980,2
VEROMODAWapp,918655853409,2024-11-29,9775,80480,0,41121,131376,131113,263
ARCLARCL_tech9041Wapp,919330329226,2024-11-29,24,280,0,123,427,371,56
Soundscap_WSOFT,919606018595,2024-11-28,1,4,0,7,12,11,1
MangohillsWapp,918585854615,2024-11-27,0,9,0,5,14,14,0
VEROMODAGIRLEmbWapp,918655913951,2024-11-30,62,770,0,838,1670,1644,26
DeltaDiagnosticWapp,919900009407,2024-11-30,0,130,0,8,138,130,8
MiabyTanishqWapp,918147747803,2024-11-30,0,0,0,1,1,1,0
FatakPayWapp1,918828855360,2024-11-29,7411,40878,0,4508,52797,48324,4473
KambarGroupWapp,919611006327,2024-11-28,398,2402,0,1759,4559,4095,464
MPokketWapp,919147163607,2024-11-28,1,2,0,0,3,3,0
TanishqWapp,918147747356,2024-11-28,0,7,0,1,8,8,0
Imagine_LM,916366310359,2024-11-27,4,445,0,438,887,827,60
Imagine_WSOFT,917795967412,2024-11-27,0,0,0,451,451,451,0
AryansgroupWapp,919646699888,2024-11-27,0,5,0,1,6,6,0
Helios-Wapp,918147747801,2024-11-27,74,2304,0,1754,4132,3727,405
MiabyTanishqWapp,918147747803,2024-11-27,0,1,0,0,1,1,0
FatakPayWapp1,919820476476,2024-11-30,8123,70977,0,35278,114378,107953,6425
Soundscap_WSOFT,919606018595,2024-11-30,0,17,0,25,42,41,1
RagavsresearchWapp,919538821110,2024-11-30,0,424,0,20,444,424,20
EncircleWapp_Tech,918147745515,2024-11-30,0,1,0,0,1,1,0
ARCLARCL_tech9041Wapp,919330329226,2024-11-30,4,92,0,73,169,150,19
propsharksWapp,918968961200,2024-11-29,0,0,0,11786,11786,11786,0
V2RetailWapp,918130907705,2024-11-28,1,211,0,5,217,214,3
VEROMODAGIRLEmbWapp,918655913950,2024-11-28,0,4,0,9,13,13,0
KASHTIFINSERV1698Wapp,919980123052,2024-11-27,6,260,1,128,395,353,42
ONLYWapp,918655853438,2024-11-27,6994,51222,0,22341,80557,79823,734
TitanEncircle,918147745515,2024-11-27,0,17,0,35,52,52,0
PositiveDesigns0876Wapp,919718592666,2024-11-30,2,87,0,86,175,146,29
CarzonrentWapp,918882222222,2024-11-30,15,1252,0,319,1586,1402,184
RafterWapp,919606790640,2024-11-30,451,2464,0,2343,5258,4697,561
Imagine_WSOFT,917795967412,2024-11-29,0,0,0,534,534,534,0
VEROMODAGIRLEmbWapp,918655913951,2024-11-27,0,6,0,20,26,26,0
AnushInfobaseWapp,918050555432,2024-11-30,0,9,0,9,18,17,1
BookeepersBookeepers_tech3668Wapp,919289959639,2024-11-29,0,8,0,31,39,39,0
VEROMODAGIRLEmbWapp,918655913951,2024-11-28,0,0,0,13,13,13,0
Soundscap_WSOFT,919606018595,2024-11-27,0,9,0,16,25,25,0
